
R version 4.1.2 (2021-11-01) -- "Bird Hippie"
Copyright (C) 2021 The R Foundation for Statistical Computing
Platform: x86_64-w64-mingw32/x64 (64-bit)

R is free software and comes with ABSOLUTELY NO WARRANTY.
You are welcome to redistribute it under certain conditions.
Type 'license()' or 'licence()' for distribution details.

R is a collaborative project with many contributors.
Type 'contributors()' for more information and
'citation()' on how to cite R or R packages in publications.

Type 'demo()' for some demos, 'help()' for on-line help, or
'help.start()' for an HTML browser interface to help.
Type 'q()' to quit R.

[Previously saved workspace restored]

> A<-matrix(1:100,nrow = 10)
> B<-matrix(1:1000,nrow = 10)
> A
      [,1] [,2] [,3] [,4] [,5] [,6] [,7] [,8] [,9] [,10]
 [1,]    1   11   21   31   41   51   61   71   81    91
 [2,]    2   12   22   32   42   52   62   72   82    92
 [3,]    3   13   23   33   43   53   63   73   83    93
 [4,]    4   14   24   34   44   54   64   74   84    94
 [5,]    5   15   25   35   45   55   65   75   85    95
 [6,]    6   16   26   36   46   56   66   76   86    96
 [7,]    7   17   27   37   47   57   67   77   87    97
 [8,]    8   18   28   38   48   58   68   78   88    98
 [9,]    9   19   29   39   49   59   69   79   89    99
[10,]   10   20   30   40   50   60   70   80   90   100
> B
      [,1] [,2] [,3] [,4] [,5] [,6] [,7] [,8] [,9] [,10] [,11] [,12] [,13]
 [1,]    1   11   21   31   41   51   61   71   81    91   101   111   121
 [2,]    2   12   22   32   42   52   62   72   82    92   102   112   122
 [3,]    3   13   23   33   43   53   63   73   83    93   103   113   123
 [4,]    4   14   24   34   44   54   64   74   84    94   104   114   124
 [5,]    5   15   25   35   45   55   65   75   85    95   105   115   125
 [6,]    6   16   26   36   46   56   66   76   86    96   106   116   126
 [7,]    7   17   27   37   47   57   67   77   87    97   107   117   127
 [8,]    8   18   28   38   48   58   68   78   88    98   108   118   128
 [9,]    9   19   29   39   49   59   69   79   89    99   109   119   129
[10,]   10   20   30   40   50   60   70   80   90   100   110   120   130
      [,14] [,15] [,16] [,17] [,18] [,19] [,20] [,21] [,22] [,23] [,24] [,25]
 [1,]   131   141   151   161   171   181   191   201   211   221   231   241
 [2,]   132   142   152   162   172   182   192   202   212   222   232   242
 [3,]   133   143   153   163   173   183   193   203   213   223   233   243
 [4,]   134   144   154   164   174   184   194   204   214   224   234   244
 [5,]   135   145   155   165   175   185   195   205   215   225   235   245
 [6,]   136   146   156   166   176   186   196   206   216   226   236   246
 [7,]   137   147   157   167   177   187   197   207   217   227   237   247
 [8,]   138   148   158   168   178   188   198   208   218   228   238   248
 [9,]   139   149   159   169   179   189   199   209   219   229   239   249
[10,]   140   150   160   170   180   190   200   210   220   230   240   250
      [,26] [,27] [,28] [,29] [,30] [,31] [,32] [,33] [,34] [,35] [,36] [,37]
 [1,]   251   261   271   281   291   301   311   321   331   341   351   361
 [2,]   252   262   272   282   292   302   312   322   332   342   352   362
 [3,]   253   263   273   283   293   303   313   323   333   343   353   363
 [4,]   254   264   274   284   294   304   314   324   334   344   354   364
 [5,]   255   265   275   285   295   305   315   325   335   345   355   365
 [6,]   256   266   276   286   296   306   316   326   336   346   356   366
 [7,]   257   267   277   287   297   307   317   327   337   347   357   367
 [8,]   258   268   278   288   298   308   318   328   338   348   358   368
 [9,]   259   269   279   289   299   309   319   329   339   349   359   369
[10,]   260   270   280   290   300   310   320   330   340   350   360   370
      [,38] [,39] [,40] [,41] [,42] [,43] [,44] [,45] [,46] [,47] [,48] [,49]
 [1,]   371   381   391   401   411   421   431   441   451   461   471   481
 [2,]   372   382   392   402   412   422   432   442   452   462   472   482
 [3,]   373   383   393   403   413   423   433   443   453   463   473   483
 [4,]   374   384   394   404   414   424   434   444   454   464   474   484
 [5,]   375   385   395   405   415   425   435   445   455   465   475   485
 [6,]   376   386   396   406   416   426   436   446   456   466   476   486
 [7,]   377   387   397   407   417   427   437   447   457   467   477   487
 [8,]   378   388   398   408   418   428   438   448   458   468   478   488
 [9,]   379   389   399   409   419   429   439   449   459   469   479   489
[10,]   380   390   400   410   420   430   440   450   460   470   480   490
      [,50] [,51] [,52] [,53] [,54] [,55] [,56] [,57] [,58] [,59] [,60] [,61]
 [1,]   491   501   511   521   531   541   551   561   571   581   591   601
 [2,]   492   502   512   522   532   542   552   562   572   582   592   602
 [3,]   493   503   513   523   533   543   553   563   573   583   593   603
 [4,]   494   504   514   524   534   544   554   564   574   584   594   604
 [5,]   495   505   515   525   535   545   555   565   575   585   595   605
 [6,]   496   506   516   526   536   546   556   566   576   586   596   606
 [7,]   497   507   517   527   537   547   557   567   577   587   597   607
 [8,]   498   508   518   528   538   548   558   568   578   588   598   608
 [9,]   499   509   519   529   539   549   559   569   579   589   599   609
[10,]   500   510   520   530   540   550   560   570   580   590   600   610
      [,62] [,63] [,64] [,65] [,66] [,67] [,68] [,69] [,70] [,71] [,72] [,73]
 [1,]   611   621   631   641   651   661   671   681   691   701   711   721
 [2,]   612   622   632   642   652   662   672   682   692   702   712   722
 [3,]   613   623   633   643   653   663   673   683   693   703   713   723
 [4,]   614   624   634   644   654   664   674   684   694   704   714   724
 [5,]   615   625   635   645   655   665   675   685   695   705   715   725
 [6,]   616   626   636   646   656   666   676   686   696   706   716   726
 [7,]   617   627   637   647   657   667   677   687   697   707   717   727
 [8,]   618   628   638   648   658   668   678   688   698   708   718   728
 [9,]   619   629   639   649   659   669   679   689   699   709   719   729
[10,]   620   630   640   650   660   670   680   690   700   710   720   730
      [,74] [,75] [,76] [,77] [,78] [,79] [,80] [,81] [,82] [,83] [,84] [,85]
 [1,]   731   741   751   761   771   781   791   801   811   821   831   841
 [2,]   732   742   752   762   772   782   792   802   812   822   832   842
 [3,]   733   743   753   763   773   783   793   803   813   823   833   843
 [4,]   734   744   754   764   774   784   794   804   814   824   834   844
 [5,]   735   745   755   765   775   785   795   805   815   825   835   845
 [6,]   736   746   756   766   776   786   796   806   816   826   836   846
 [7,]   737   747   757   767   777   787   797   807   817   827   837   847
 [8,]   738   748   758   768   778   788   798   808   818   828   838   848
 [9,]   739   749   759   769   779   789   799   809   819   829   839   849
[10,]   740   750   760   770   780   790   800   810   820   830   840   850
      [,86] [,87] [,88] [,89] [,90] [,91] [,92] [,93] [,94] [,95] [,96] [,97]
 [1,]   851   861   871   881   891   901   911   921   931   941   951   961
 [2,]   852   862   872   882   892   902   912   922   932   942   952   962
 [3,]   853   863   873   883   893   903   913   923   933   943   953   963
 [4,]   854   864   874   884   894   904   914   924   934   944   954   964
 [5,]   855   865   875   885   895   905   915   925   935   945   955   965
 [6,]   856   866   876   886   896   906   916   926   936   946   956   966
 [7,]   857   867   877   887   897   907   917   927   937   947   957   967
 [8,]   858   868   878   888   898   908   918   928   938   948   958   968
 [9,]   859   869   879   889   899   909   919   929   939   949   959   969
[10,]   860   870   880   890   900   910   920   930   940   950   960   970
      [,98] [,99] [,100]
 [1,]   971   981    991
 [2,]   972   982    992
 [3,]   973   983    993
 [4,]   974   984    994
 [5,]   975   985    995
 [6,]   976   986    996
 [7,]   977   987    997
 [8,]   978   988    998
 [9,]   979   989    999
[10,]   980   990   1000
> #transpose A and B
> t(A)
      [,1] [,2] [,3] [,4] [,5] [,6] [,7] [,8] [,9] [,10]
 [1,]    1    2    3    4    5    6    7    8    9    10
 [2,]   11   12   13   14   15   16   17   18   19    20
 [3,]   21   22   23   24   25   26   27   28   29    30
 [4,]   31   32   33   34   35   36   37   38   39    40
 [5,]   41   42   43   44   45   46   47   48   49    50
 [6,]   51   52   53   54   55   56   57   58   59    60
 [7,]   61   62   63   64   65   66   67   68   69    70
 [8,]   71   72   73   74   75   76   77   78   79    80
 [9,]   81   82   83   84   85   86   87   88   89    90
[10,]   91   92   93   94   95   96   97   98   99   100
> t(B)
       [,1] [,2] [,3] [,4] [,5] [,6] [,7] [,8] [,9] [,10]
  [1,]    1    2    3    4    5    6    7    8    9    10
  [2,]   11   12   13   14   15   16   17   18   19    20
  [3,]   21   22   23   24   25   26   27   28   29    30
  [4,]   31   32   33   34   35   36   37   38   39    40
  [5,]   41   42   43   44   45   46   47   48   49    50
  [6,]   51   52   53   54   55   56   57   58   59    60
  [7,]   61   62   63   64   65   66   67   68   69    70
  [8,]   71   72   73   74   75   76   77   78   79    80
  [9,]   81   82   83   84   85   86   87   88   89    90
 [10,]   91   92   93   94   95   96   97   98   99   100
 [11,]  101  102  103  104  105  106  107  108  109   110
 [12,]  111  112  113  114  115  116  117  118  119   120
 [13,]  121  122  123  124  125  126  127  128  129   130
 [14,]  131  132  133  134  135  136  137  138  139   140
 [15,]  141  142  143  144  145  146  147  148  149   150
 [16,]  151  152  153  154  155  156  157  158  159   160
 [17,]  161  162  163  164  165  166  167  168  169   170
 [18,]  171  172  173  174  175  176  177  178  179   180
 [19,]  181  182  183  184  185  186  187  188  189   190
 [20,]  191  192  193  194  195  196  197  198  199   200
 [21,]  201  202  203  204  205  206  207  208  209   210
 [22,]  211  212  213  214  215  216  217  218  219   220
 [23,]  221  222  223  224  225  226  227  228  229   230
 [24,]  231  232  233  234  235  236  237  238  239   240
 [25,]  241  242  243  244  245  246  247  248  249   250
 [26,]  251  252  253  254  255  256  257  258  259   260
 [27,]  261  262  263  264  265  266  267  268  269   270
 [28,]  271  272  273  274  275  276  277  278  279   280
 [29,]  281  282  283  284  285  286  287  288  289   290
 [30,]  291  292  293  294  295  296  297  298  299   300
 [31,]  301  302  303  304  305  306  307  308  309   310
 [32,]  311  312  313  314  315  316  317  318  319   320
 [33,]  321  322  323  324  325  326  327  328  329   330
 [34,]  331  332  333  334  335  336  337  338  339   340
 [35,]  341  342  343  344  345  346  347  348  349   350
 [36,]  351  352  353  354  355  356  357  358  359   360
 [37,]  361  362  363  364  365  366  367  368  369   370
 [38,]  371  372  373  374  375  376  377  378  379   380
 [39,]  381  382  383  384  385  386  387  388  389   390
 [40,]  391  392  393  394  395  396  397  398  399   400
 [41,]  401  402  403  404  405  406  407  408  409   410
 [42,]  411  412  413  414  415  416  417  418  419   420
 [43,]  421  422  423  424  425  426  427  428  429   430
 [44,]  431  432  433  434  435  436  437  438  439   440
 [45,]  441  442  443  444  445  446  447  448  449   450
 [46,]  451  452  453  454  455  456  457  458  459   460
 [47,]  461  462  463  464  465  466  467  468  469   470
 [48,]  471  472  473  474  475  476  477  478  479   480
 [49,]  481  482  483  484  485  486  487  488  489   490
 [50,]  491  492  493  494  495  496  497  498  499   500
 [51,]  501  502  503  504  505  506  507  508  509   510
 [52,]  511  512  513  514  515  516  517  518  519   520
 [53,]  521  522  523  524  525  526  527  528  529   530
 [54,]  531  532  533  534  535  536  537  538  539   540
 [55,]  541  542  543  544  545  546  547  548  549   550
 [56,]  551  552  553  554  555  556  557  558  559   560
 [57,]  561  562  563  564  565  566  567  568  569   570
 [58,]  571  572  573  574  575  576  577  578  579   580
 [59,]  581  582  583  584  585  586  587  588  589   590
 [60,]  591  592  593  594  595  596  597  598  599   600
 [61,]  601  602  603  604  605  606  607  608  609   610
 [62,]  611  612  613  614  615  616  617  618  619   620
 [63,]  621  622  623  624  625  626  627  628  629   630
 [64,]  631  632  633  634  635  636  637  638  639   640
 [65,]  641  642  643  644  645  646  647  648  649   650
 [66,]  651  652  653  654  655  656  657  658  659   660
 [67,]  661  662  663  664  665  666  667  668  669   670
 [68,]  671  672  673  674  675  676  677  678  679   680
 [69,]  681  682  683  684  685  686  687  688  689   690
 [70,]  691  692  693  694  695  696  697  698  699   700
 [71,]  701  702  703  704  705  706  707  708  709   710
 [72,]  711  712  713  714  715  716  717  718  719   720
 [73,]  721  722  723  724  725  726  727  728  729   730
 [74,]  731  732  733  734  735  736  737  738  739   740
 [75,]  741  742  743  744  745  746  747  748  749   750
 [76,]  751  752  753  754  755  756  757  758  759   760
 [77,]  761  762  763  764  765  766  767  768  769   770
 [78,]  771  772  773  774  775  776  777  778  779   780
 [79,]  781  782  783  784  785  786  787  788  789   790
 [80,]  791  792  793  794  795  796  797  798  799   800
 [81,]  801  802  803  804  805  806  807  808  809   810
 [82,]  811  812  813  814  815  816  817  818  819   820
 [83,]  821  822  823  824  825  826  827  828  829   830
 [84,]  831  832  833  834  835  836  837  838  839   840
 [85,]  841  842  843  844  845  846  847  848  849   850
 [86,]  851  852  853  854  855  856  857  858  859   860
 [87,]  861  862  863  864  865  866  867  868  869   870
 [88,]  871  872  873  874  875  876  877  878  879   880
 [89,]  881  882  883  884  885  886  887  888  889   890
 [90,]  891  892  893  894  895  896  897  898  899   900
 [91,]  901  902  903  904  905  906  907  908  909   910
 [92,]  911  912  913  914  915  916  917  918  919   920
 [93,]  921  922  923  924  925  926  927  928  929   930
 [94,]  931  932  933  934  935  936  937  938  939   940
 [95,]  941  942  943  944  945  946  947  948  949   950
 [96,]  951  952  953  954  955  956  957  958  959   960
 [97,]  961  962  963  964  965  966  967  968  969   970
 [98,]  971  972  973  974  975  976  977  978  979   980
 [99,]  981  982  983  984  985  986  987  988  989   990
[100,]  991  992  993  994  995  996  997  998  999  1000
> #create two vectors (a and b)
> a<-c(1:2)
> b<-c(1:4)
> #multiply matrices by vectors
> X<-c(a*A)
> Y<-c(b*B)
> #re-assign the vectors a and b to equal the number of rows and column for the corresponding matrix 
> a<-c(1:10)
> b<-c(1:100)
> #Multiply the matrix by matrix
> A%*%a
      [,1]
 [1,] 3355
 [2,] 3410
 [3,] 3465
 [4,] 3520
 [5,] 3575
 [6,] 3630
 [7,] 3685
 [8,] 3740
 [9,] 3795
[10,] 3850
> B%*%b
         [,1]
 [1,] 3338050
 [2,] 3343100
 [3,] 3348150
 [4,] 3353200
 [5,] 3358250
 [6,] 3363300
 [7,] 3368350
 [8,] 3373400
 [9,] 3378450
[10,] 3383500
> #inverse a matrix
> s<-matrix(2:5,nrow=2)
> solve(s)
     [,1] [,2]
[1,] -2.5    2
[2,]  1.5   -1
> det(s)
[1] -2
> 
